[responsive.jpg]
filters=finetune2=1,0.000000,0.188070,0.294737,00000000,1.000000;finetune2=1,0.000000,0.409825,0.221754,00000000,0.309942;Soften=1,50.000000,50.000000;QuantizePalette=1,22.631578,73.099419,0.000000;
moddate=932b321fbc97d401
width=2000
height=1332
textactive=0
